TMOD_SHUTDOWN_MESSAGE=Server is shutting down NOW!
TMOD_AUTOSAVE_INTERVAL=10
TMOD_AUTODOWNLOAD=2565540604, 2831752947, 2824688266,2824688072,2599842771,2818107739,2634682993,2562953970,2669644269,2816694149,2824688804,2576847291,2827999994,3070430423,3363584271,3119712528,2785100219,3222493606,3459129920,2906406399,3458992153,2908170107,2563309347,2995193002,2619954303,2815010161,2917091521,2877850919,2563098343,2569059803,2789237440,2839001756,2827446882,2942702352
TMOD_ENABLEDMODS=2565540604, 2831752947, 2824688266,2824688072,2599842771,2818107739,2634682993,2562953970,2669644269,2816694149,2824688804,2576847291,2827999994,3070430423,3363584271,3119712528,2785100219,3222493606,3459129920,2906406399,3458992153,2908170107,2563309347,2995193002,2619954303,2815010161,2917091521,2877850919,2563098343,2569059803,2789237440,2839001756,2827446882,2942702352
TMOD_MOTD=tModLoader hosted on kubernetes!
TMOD_PASS=kubes
TMOD_MAXPLAYERS=8
TMOD_WORLDNAME=kubeWorld
TMOD_WORLDSIZE=3
TMOD_WORLDSEED=seeds
TMOD_DIFFICULTY=2
TMOD_SECURE=0
TMOD_LANGUAGE=en-US
TMOD_NPCSTREAM=60
TMOD_UPNP=0
TMOD_PORT=7777
